1. 1.1, 1.2, 1.3, 1.4, 1.5, 1.6, 1.7, 1.8, 2.1, 2.2, 2.3, 2.4, 2.7, 2.8, 2.9, 3.1
2. 4.3, 4.4, 4.5, 4.6, 4.7, 4.8, 4.9, 5.1, 5.2, 5.3, 5.4, 5.5, 5.6, 5.7, 6.1, 6.2, 6.3, 6.4, 6.5
3. 7.1, 7.2, 7.3, 7.4, 8.1, 8.2, 8.3, 8.4, 8.5, 9.1, 9.2, 9.3, 9.5, 10.2, 10.3, 10.4, 11.4, 11.5
4. 12.1, 12.2, 12.3, 12.4, 12.5, 13.1, 13.2, 13.3, 13.4, 13.5, 13.6, 14.1, 14.2, 14.3, 15.1, 16.2, 17.1, 17.2, 17.3
5. 19.1, 19.2, 19.3, 19.4, 19.5, 19.6, 19.7, 20.1, 20.2, 20.3, 20.4, 20.5, 20.6, 20.7, 21.1, 21.2, 21.3, 21.4
6. 21.6, 21.7(2), 22.1(2), 22.2(2), 22.3 (2), 22.4 (2), 22.5 (2), 22.6, 23.1, 23.3, 23.4
7. 24.1(2), 24.2(2), 24.3(2), 24.4(2), 25.1 (2), 25.2 (2), 25.3, 25.4, 26.1, 26.2, 26.3, 26.4
8. Film (12)
9. 1.1(2), 1.2(2), 1.3(2), 1.4 (2), 1.5, 1.6, 1.7, 1.8, 1.9, 1.10, 1.12, 1.13
10. 2.0, 2.1, 2.2, 2.3, 2.4, 2.5, 2.6, 2.7, 2.8, 2.9, 2.10, 2.12, 2.13, 3.0, 3.2, 3.6, 4.2, 4.6, 4.7
11. 5.1, 5.2, 5.3, 5.4, 5.6, 5.7, 5.8, 5.9, 5.10, 5.11, 6.1, 6.2, 6.3, 6.4, 7.1, 7.2, 7.8, 7.14
W. TDOTD
12. 8.1, 8.2, 8.3, 8.4, 8.5
13. 10.0, 11.1
